30 35
1 5 
1 10 
2 6 5 
3 3 2 4 
3 4 4 4 
4 2 3 7 3 
4 1 6 1 4 
3 5 4 8 
6 2 3 2 3 3 2 
6 2 4 3 3 1 1 
5 2 7 3 3 1 
4 4 9 8 1 
4 11 2 6 1 
3 9 6 4 
5 6 2 2 4 3 
5 7 2 5 3 4 
6 7 2 2 3 2 3 
6 9 3 1 4 4 2 
5 9 10 4 1 2 
5 10 9 2 3 1 
4 10 8 7 1 
4 12 8 7 1 
3 13 4 8 
4 13 4 4 2 
4 14 4 3 2 
4 2 12 3 3 
4 3 1 11 6 
4 4 2 9 1 
4 5 3 8 2 
4 4 2 5 1 
1 2 
1 3 
1 4 
2 5 4 
2 11 5 
1 15 
2 14 2 
2 16 2 
2 19 1 
3 3 15 2 
4 3 3 11 1 
4 2 1 6 12 
3 1 10 10 
4 3 6 2 10 
5 5 5 1 3 9 
5 2 3 3 7 9 
6 2 2 2 4 3 8  
7 2 4 2 1 1 4 7 
5 3 6 5 5 4 
4 7 2 3 4 
4 2 3 4 10 
5 3 2 2 2 11 
5 3 1 3 2 11  
6 3 3 1 2 2 6 
5 4 3 2 1 4 
4 8 4 3 3 
4 11 8 1 2 
5 4 4 3 5 1 
5 3 2 2 5 1 
4 5 2 1 8 
3 2 5 1 
3 2 4 2 
2 3 4 
2 3 2 
1 4  
